hamiltonian=ross_sym

#J1=1.00
#J2=1.00
#J3=0.00
#J4=0.00
#gxy=1.00
#gz=1.00

J1=-0.09
J2=-0.22
J3=-0.29
J4=+0.01
gxy=4.32
gz=1.80

k1=0
k2=0
k3=0

nkrylov=3

diagonalize=true

pairs=[[0,20],[0,21],[0,22],[20,21],[20,22],[21,22],[1,26],[1,27],[1,28],[26,27],[26,28],[27,28],[2,23],[2,24],[2,25],[23,24],[23,25],[24,25],[3,29],[3,30],[3,31],[29,30],[29,31],[30,31],[4,16],[4,5],[4,6],[5,16],[5,6],[6,16],[10,17],[10,11],[10,12],[11,17],[11,12],[12,17],[7,18],[7,8],[7,9],[8,18],[8,9],[9,18],[13,19],[13,14],[13,15],[14,19],[14,15],[15,19],[0,4],[0,8],[0,12],[4,8],[4,12],[8,12],[1,6],[1,10],[1,14],[6,10],[6,14],[10,14],[2,5],[2,7],[2,15],[5,7],[5,15],[7,15],[3,9],[3,11],[3,13],[9,11],[9,13],[11,13],[16,20],[16,24],[16,28],[20,24],[20,28],[24,28],[17,22],[17,26],[17,30],[22,26],[22,30],[26,30],[18,21],[18,23],[18,31],[21,23],[21,31],[23,31],[19,25],[19,27],[19,29],[25,27],[25,29],[27,29]]

[Trnslationsforcomputingmomentumeigenvalues]
t1=[2,3,0,1,7,8,9,4,5,6,13,14,15,10,11,12,18,19,16,17,23,24,25,20,21,22,29,30,31,26,27,28]
t2=[1,0,3,2,10,11,12,13,14,15,4,5,6,7,8,9,17,16,19,18,26,27,28,29,30,31,20,21,22,23,24,25]
t3=[16,17,18,19,20,21,22,23,24,25,26,27,28,29,30,31,0,1,2,3,4,5,6,7,8,9,10,11,12,13,14,15]


#0   1   2   3   4   5   6   7   8   9   10  11  12  13  14  15  16  17  18  19  20  21  22  23  24  25  26  27  28  29  30  31  
#16  17  18  19  20  21  22  23  24  25  26  27  28  29  30  31  0   1   2   3   4   5   6   7   8   9   10  11  12  13  14  15  
#17  16  19  18  26  27  28  29  30  31  20  21  22  23  24  25  1   0   3   2   10  11  12  13  14  15  4   5   6   7   8   9  
#1   0   3   2   10  11  12  13  14  15  4   5   6   7   8   9   17  16  19  18  26  27  28  29  30  31  20  21  22  23  24  25  
#3   2   1   0   13  14  15  10  11  12  7   8   9   4   5   6   19  18  17  16  29  30  31  26  27  28  23  24  25  20  21  22  
#19  18  17  16  29  30  31  26  27  28  23  24  25  20  21  22  3   2   1   0   13  14  15  10  11  12  7   8   9   4   5   6  
#18  19  16  17  23  24  25  20  21  22  29  30  31  26  27  28  2   3   0   1   7   8   9   4   5   6   13  14  15  10  11  12  
#2   3   0   1   7   8   9   4   5   6   13  14  15  10  11  12  18  19  16  17  23  24  25  20  21  22  29  30  31  26  27  28  


nums=[0,1,2,3,4,5,6,7,8,9,10,11,12,13,14,15,16,17,18,19,20,21,22,23,24,25,26,27,28,29,30,31]
sublattice=[0,0,0,0,1,2,3,1,2,3,1,2,3,1,2,3,0,0,0,0,1,2,3,1,2,3,1,2,3,1,2,3]
