hamiltonian=ybmg_sym

J1zz=0.13
J1zpm=0.10
J1pm=0.08
J1ppmm=0.07
J2zz=0.0234
J2pm=0.0144
gxy=3.50
gz=3.63

k1=3
k2=6
k3=0

nkrylov=400
diagonalize=true

pairs1=[[0,1],[1,2],[2,3],[3,15],[4,5],[5,6],[6,7],[7,8],[8,20],[9,10],[10,11],[11,12],[12,13],[13,14],[14,24],[15,16],[16,17],[17,18],[18,19],[19,0],[20,21],[21,22],[22,23],[23,4],[24,25],[25,26],[26,9],[0,14],[1,24],[2,25],[3,26],[4,19],[5,0],[6,1],[7,2],[8,3],[9,23],[10,4],[11,5],[12,6],[13,7],[14,8],[15,9],[16,10],[17,11],[18,12],[19,13],[20,15],[21,16],[22,17],[23,18],[24,20],[25,21],[26,22],[0,4],[1,5],[2,6],[3,7],[4,9],[5,10],[6,11],[7,12],[8,13],[9,3],[10,15],[11,16],[12,17],[13,18],[14,19],[15,8],[16,20],[17,21],[18,22],[19,23],[20,14],[21,24],[22,25],[23,26],[24,0],[25,1],[26,2]]

pairs2=[[0,25],[0,6],[1,7],[1,26],[2,9],[2,8],[3,10],[3,20],[4,1],[4,11],[5,2],[5,12],[6,3],[6,13],[7,15],[7,14],[8,16],[8,24],[9,5],[9,16],[10,6],[10,17],[11,7],[11,18],[12,8],[12,19],[13,20],[13,0],[14,21],[14,1],[15,11],[15,21],[16,12],[16,22],[17,13],[17,23],[18,14],[18,4],[19,24],[19,5],[20,17],[20,25],[21,18],[21,26],[22,19],[22,9],[23,0],[23,10],[24,22],[24,2],[25,23],[25,3],[26,4],[26,15]]

[Trnslationsforcomputingmomentumeigenvalues]
t1=[1,2,3,15,5,6,7,8,20,10,11,12,13,14,24,16,17,18,19,0,21,22,23,4,25,26,9]
t2=[24,25,26,9,0,1,2,3,15,4,5,6,7,8,20,10,11,12,13,14,16,17,18,19,21,22,23]
t3=[0,1,2,3,4,5,6,7,8,9,10,11,12,13,14,15,16,17,18,19,20,21,22,23,24,25,26]

bondtypes=[0,0,0,0,0,0,0,0,0,0,0,0,0,0,0,0,0,0,0,0,0,0,0,0,0,0,0,1,1,1,1,1,1,1,1,1,1,1,1,1,1,1,1,1,1,1,1,1,1,1,1,1,1,1,2,2,2,2,2,2,2,2,2,2,2,2,2,2,2,2,2,2,2,2,2,2,2,2,2,2,2]
